DistanceCalib
0.0
0.0
0.0
0.0
10.0
5.0
0.0
0.0
0.0
10.0
TurnCalib
0.0
0.0
0.0
0.0
10.0
5.0
5.0
1.5706217938696971
0.0
10.0
TestPath
0.0
0.0
0.0
0.0
9.0
8.0
3.0
0.0
0.0
9.0
center
32.2
0.0
3.141592653589793
0.0
4.0
23.0
11.1
3.141592653589793
0.0
4.0
left
32.2
-10.0
3.141592653589793
0.0
4.0
26.7
0.0
2.356194490192345
4.0
4.0
23.2
11.1
3.141592653589793
0.0
4.0
right
32.2
11.1
3.141592653589793
0.0
4.0
23.2
11.1
3.141592653589793
0.0
4.0
back
23.2
11.1
3.141592653589793
0.0
4.0
35.0
-5.6
3.141592653589793
0.0
4.0
